// background
background(240, 237, 175);

// plate
fill(254, 255, 235);
ellipse(200, 271, 298, 84);
fill(0, 0, 0,10);
ellipse(200, 264, 224, 73);
ellipse(200, 263, 207, 72);
ellipse(200, 264, 207, 72);


// chicken
fill(0, 0, 0,100);
bezier(173, 187, 373, 267, 315, 12, 169, 170);
quad(173, 187, 169, 170, 108, 184, 112, 199);
bezier(112, 199, 86, 237, 64, 165, 108, 184);

fill(133, 64, 27);
bezier(173, 187, 373, 267, 315, 12, 169, 170);

fill(222, 213, 205);
quad(172, 187, 169, 170, 108, 184, 112, 199);
bezier(113, 199, 86, 237, 64, 165, 113, 184);
fill(255, 255, 255);
quad(159, 180, 167, 174, 117, 185, 123, 189);
